27269108
45513366
16678733
27413074
27263560
46557468
45067658
33663530
80642437
16759681
16797673
80256691
16478430
42753439
47247874
16553559
42866711
75666315
74739821
41669360
16782540
76522510
71965621
61016423
70895774
74204169
17637201
47764489
48440515
44623614
16445545
16598349
16753914
16469856
41657863
16628701
46079713
43232240
16429103
41101613
00811758
44764529
80219749
80219071
44912153
41794891
43229756
45155615
41614718
46708207
42189841
42290226
16801728
42047423
45281070
47848267
27397572
43856165
